1518875	13930
1230636	10397
1047164	11292
714296	13204
711443	14107
638722	12266
610922	14869
605268	12892
562304	11618
521108	13303
506545	14747
484332	10721
473490	12953
466578	15304
452696	13487
449406	11697
424595	11433
393418	14100
377945	14771
374830	13232
349100	12889
337634	11057
311058	12478
278345	10821
243957	10693
242617	11278
234521	11193
219257	12173
205677	12191
202563	16440
202323	14122
198975	14679
185554	13244
175200	10529
172571	11259
164784	12339
164063	11042
159871	14635
156800	14683
150060	14057
140385	12264
137464	13342
132899	10140
129953	11540
125338	13495
121708	10599
120864	14843
105092	13198
104831	14307
96699	14908
96483	10299
95828	12451
85025	13891
84166	13830
75319	11066
71789	14193
67501	15376
63662	12197
63271	12217
63152	10257
62260	13296
59390	13851
57662	10792
55561	10713
53181	14576
51980	13485
49867	14570
49568	12391
48999	13422
48968	11109
48901	15096
48811	13796
46846	14831
46501	13931
46238	14730
43934	12982
43282	11884
42620	14524
42590	15370
39704	13871
39284	10800
37884	12954
36341	13277
36226	14893
35049	15412
34068	13230
33778	12758
32926	12992
32508	11267
30605	11996
30501	11977
29324	10994
28997	14685
28194	14321
25922	10868
21526	15624
20953	12945
20751	10785
20306	11612
19079	11423
18018	14696
17327	10781
17008	14262
16549	11986
15252	13367
15099	11630
14844	11823
13983	10980
13859	14689
13705	12884
13600	11721
12319	11775
12260	14078
11736	11637
11693	14457
11116	12278
11080	14108
10497	11308
10322	14828
10166	10431
10061	11140
9927	14814
9923	12523
9823	11638
9238	13476
9151	14783
8971	11525
8772	13377
8559	14633
8501	10408
8491	10469
7563	11481
7521	10874
7363	13029
7355	15919
7284	12402
7163	11252
7109	14574
7090	14256
7006	15249
6905	10372
6555	12007
6549	10208
6466	12156
6221	15841
5831	11603
5820	11921
5483	10620
5311	10581
5207	13486
5203	10849
4802	13360
4732	11695
4375	13241
4356	13433
4339	11577
4212	11337
4162	11641
4003	11150
3777	11041
3608	13076
3568	15295
3554	12244
3476	11503
3378	12951
3360	12819
3224	13577
3204	10666
3140	10185
3109	10990
3101	12280
3061	11413
2972	10561
2851	14288
2781	12441
2713	10279
2712	12896
2352	13127
2261	15991
2161	11624
2153	10732
2103	15048
2080	12389
2057	13424
2055	12323
2025	11648
1807	11495
1674	11122
1572	11203
1556	15356
1536	13203
1528	10926
1520	12223
1511	10643
1447	14254
1436	14674
1430	11869
1371	14698
1303	14512
1292	12094
1188	10170
1182	13873
1144	13933
1099	13970
1087	13264
1079	10361
1069	12003
986	11997
984	16218
945	12915
886	10146
860	11336
842	15374
815	15601
813	11471
795	13139
793	12363
737	15380
736	14905
709	12177
693	10158
644	11898
580	11274
544	14711
538	16101
535	15389
514	10329
511	12436
510	12519
491	14113
442	10245
381	14952
359	11295
357	13459
342	10577
321	11445
312	15569
295	10754
291	12320
290	10779
263	13034
256	11447
232	11002
189	15502
181	14588
172	15177
163	13347
157	14716
147	14025
139	12390
131	12265
119	15582
107	13344
102	10268
100	11315
96	12898
93	10918
93	12888
93	10304
86	12012
84	11778
80	10739
73	13121
66	15383
53	10165
51	14709
49	10154
43	12255
43	12129
42	13546
42	14871
39	15411
15	10333
9	11982
9	10466
7	14162
3	11111
3	14520
1	14487
1	14314
1	11097
1	15607
1	11865
1	10930
1	14120
1	11953
1	14543
1	12343
1	10731
